#Year Month ArxivSubmissions
1991 07	0
1991 08	27
1991 09	58
1991 10	76
1991 11	64
1991 12	78
1992 01	88
1992 02	124
1992 03	117
1992 04	184
1992 05	226
1992 06	232
1992 07	274
1992 08	223
1992 09	315
1992 10	372
1992 11	437
1992 12	394
1993 01	364
1993 02	412
1993 03	495
1993 04	488
1993 05	531
1993 06	520
1993 07	608
1993 08	516
1993 09	502
1993 10	642
1993 11	698
1993 12	723
1994 01	582
1994 02	634
1994 03	729
1994 04	699
1994 05	823
1994 06	856
1994 07	840
1994 08	746
1994 09	851
1994 10	909
1994 11	1075
1994 12	1022
1995 01	897
1995 02	941
1995 03	1131
1995 04	882
1995 05	1088
1995 06	1168
1995 07	992
1995 08	1008
1995 09	1104
1995 10	1206
1995 11	1134
1995 12	1110
1996 01	1029
1996 02	1053
1996 03	1146
1996 04	1171
1996 05	1316
1996 06	1277
1996 07	1392
1996 08	1375
1996 09	1453
1996 10	1490
1996 11	1375
1996 12	1434
1997 01	1277
1997 02	1328
1997 03	1387
1997 04	1434
1997 05	1549
1997 06	1678
1997 07	1763
1997 08	1411
1997 09	1845
1997 10	1981
1997 11	1685
1997 12	1918
1998 01	1712
1998 02	1668
1998 03	1908
1998 04	1735
1998 05	1916
1998 06	2083
1998 07	2089
1998 08	1820
1998 09	2405
1998 10	2297
1998 11	2228
1998 12	2196
1999 01	1827
1999 02	1916
1999 03	2379
1999 04	2147
1999 05	2204
1999 06	2422
1999 07	2391
1999 08	2138
1999 09	2490
1999 10	2565
1999 11	2489
1999 12	2587
2000 01	2359
2000 02	2366
2000 03	2591
2000 04	2068
2000 05	2718
2000 06	2436
2000 07	2445
2000 08	2612
2000 09	2515
2000 10	2910
2000 11	2853
2000 12	2653
2001 01	2577
2001 02	2426
2001 03	2705
2001 04	2600
2001 05	2908
2001 06	2866
2001 07	2757
2001 08	2422
2001 09	2545
2001 10	3400
2001 11	3239
2001 12	2699
2002 01	2712
2002 02	2565
2002 03	2663
2002 04	2849
2002 05	3087
2002 06	2695
2002 07	3263
2002 08	2725
2002 09	3312
2002 10	3531
2002 11	3437
2002 12	3221
2003 01	2926
2003 02	2881
2003 03	3018
2003 04	3102
2003 05	3267
2003 06	3463
2003 07	3418
2003 08	2741
2003 09	3735
2003 10	3841
2003 11	3349
2003 12	3661
2004 01	3071
2004 02	3276
2004 03	3603
2004 04	3368
2004 05	3553
2004 06	3710
2004 07	3679
2004 08	3294
2004 09	3939
2004 10	4086
2004 11	4152
2004 12	3994
2005 01	3493
2005 02	3250
2005 03	3881
2005 04	3693
2005 05	3779
2005 06	3984
2005 07	3839
2005 08	3775
2005 09	4329
2005 10	4439
2005 11	4294
2005 12	4083
2006 01	3858
2006 02	3520
2006 03	4213
2006 04	3474
2006 05	4204
2006 06	4139
2006 07	4197
2006 08	4064
2006 09	4275
2006 10	5133
2006 11	4854
2006 12	4296
2007 01	4653
2007 02	4164
2007 03	4493
2007 04	4003
2007 05	4684
2007 06	4484
2007 07	4681
2007 08	4414
2007 09	4682
2007 10	5945
2007 11	5029
2007 12	4406
2008 01	4970
2008 02	4463
2008 03	4519
2008 04	4898
2008 05	4836
2008 06	4980
2008 07	5139
2008 08	4160
2008 09	5287
2008 10	5773
2008 11	4774
2008 12	5116
2009 01	4975
2009 02	4903
2009 03	5547
2009 04	4930
2009 05	4955
2009 06	5614
2009 07	5606
2009 08	4597
2009 09	5696
2009 10	5957
2009 11	5730
2009 12	5537
2010 01	5471
2010 02	5048
2010 03	6133
2010 04	5602
2010 05	5737
2010 06	5963
2010 07	5521
2010 08	5399
2010 09	6232
2010 10	6304
2010 11	6676
2010 12	6045
2011 01	6081
2011 02	5774
2011 03	6286
2011 04	5711
2011 05	6374
2011 06	6357
2011 07	6046
2011 08	6331
2011 09	6937
2011 10	6930
2011 11	7319
2011 12	6432
2012 01	6687
2012 02	6685
2012 03	6903
2012 04	6739
2012 05	7092
2012 06	7121
2012 07	7358
2012 08	6592
2012 09	6630
2012 10	8452
2012 11	7370
2012 12	6974
2013 01	7750
2013 02	7317
2013 03	7476
2013 04	8135
2013 05	7516
2013 06	6944
2013 07	8447
2013 08	6833
2013 09	7995
2013 10	8658
2013 11	7692
2013 12	7878
2014 01	8294
2014 02	7374
2014 03	8154
2014 04	7855
2014 05	7975
2014 06	7874
2014 07	8549
2014 08	7119
2014 09	8676
2014 10	8871
2014 11	8006
2014 12	8770
2015 01	7912
2015 02	8054
2015 03	9191
2015 04	8367
2015 05	8172
2015 06	9217
2015 07	8995
2015 08	7983
2015 09	9318
2015 10	9223
2015 11	9472
2015 12	9376
2016 01	8251
2016 02	9142
2016 03	9746
2016 04	8948
2016 05	9792
2016 06	9644
2016 07	8911
2016 08	9016
2016 09	9869
2016 10	10100
2016 11	10362
2016 12	9599
2017 01	9186
2017 02	8910
2017 03	11008
2017 04	9029
2017 05	7885
